(722,541)0.0
(722,542)0.0
(722,543)0.0
(722,544)0.0
(722,545)0.0
(722,546)0.0
(722,547)0.0
(722,548)0.0
(722,549)0.0
(722,550)0.0
(722,551)0.0
(722,552)0.0
(722,553)0.0
(722,554)0.0
(722,555)0.0
(722,556)0.0
(722,557)0.0
(722,558)0.0
(722,559)0.0
(722,560)0.0
(722,561)0.0
(722,562)0.0
(722,563)0.0
(722,564)0.0
(722,565)0.0
(722,566)0.0
(722,567)0.0
(722,568)0.0
(722,569)0.0
(723,537)0.0
(723,538)0.0
(723,539)0.0
(723,540)0.0
(723,569)0.0
(723,570)0.0
(724,526)0.0
(724,527)0.0
(724,528)0.0
(724,529)0.0
(724,530)0.0
(724,531)0.0
(724,532)0.0
(724,533)0.0
(724,534)0.0
(724,535)0.0
(724,536)0.0
(724,570)0.0
(725,522)0.0
(725,523)0.0
(725,524)0.0
(725,525)0.0
(725,569)0.0
(725,570)0.0
(726,519)0.0
(726,520)0.0
(726,521)0.0
(726,522)0.0
(726,568)0.0
(726,569)0.0
(727,516)0.0
(727,517)0.0
(727,518)0.0
(727,566)0.0
(727,567)0.0
(727,568)0.0
(728,513)0.0
(728,514)0.0
(728,515)0.0
(728,563)0.0
(728,564)0.0
(728,565)0.0
(728,566)0.0
(729,510)0.0
(729,511)0.0
(729,512)0.0
(729,566)0.0
(730,507)0.0
(730,508)0.0
(730,509)0.0
(730,566)0.0
(730,567)0.0
(731,504)0.0
(731,505)0.0
(731,506)0.0
(731,567)0.0
(732,502)0.0
(732,503)0.0
(732,566)0.0
(732,567)0.0
(733,499)0.0
(733,500)0.0
(733,501)0.0
(733,565)0.0
(733,566)0.0
(734,496)0.0
(734,497)0.0
(734,498)0.0
(734,564)0.0
(734,565)0.0
(735,494)0.0
(735,495)0.0
(735,549)0.0
(735,550)0.0
(735,551)0.0
(735,552)0.0
(735,553)0.0
(735,554)0.0
(735,555)0.0
(735,556)0.0
(735,557)0.0
(735,558)0.0
(735,559)0.0
(735,560)0.0
(735,561)0.0
(735,562)0.0
(735,563)0.0
(736,491)0.0
(736,492)0.0
(736,493)0.0
(736,535)0.0
(736,536)0.0
(736,537)0.0
(736,538)0.0
(736,539)0.0
(736,540)0.0
(736,541)0.0
(736,542)0.0
(736,543)0.0
(736,544)0.0
(736,545)0.0
(736,546)0.0
(736,547)0.0
(736,548)0.0
(737,489)0.0
(737,490)0.0
(737,532)0.0
(737,533)0.0
(737,534)0.0
(738,486)0.0
(738,487)0.0
(738,488)0.0
(738,530)0.0
(738,531)0.0
(738,532)0.0
(739,484)0.0
(739,485)0.0
(739,529)0.0
(739,530)0.0
(740,481)0.0
(740,482)0.0
(740,483)0.0
(740,528)0.0
(740,529)0.0
(741,479)0.0
(741,480)0.0
(741,481)0.0
(741,527)0.0
(741,528)0.0
(742,477)0.0
(742,478)0.0
(742,526)0.0
(742,527)0.0
(743,474)0.0
(743,475)0.0
(743,476)0.0
(743,525)0.0
(743,526)0.0
(744,472)0.0
(744,473)0.0
(744,474)0.0
(744,525)0.0
(745,470)0.0
(745,471)0.0
(745,472)0.0
(745,525)0.0
(745,526)0.0
(745,536)0.0
(745,537)0.0
(745,538)0.0
(745,539)0.0
(745,540)0.0
(746,468)0.0
(746,469)0.0
(746,470)0.0
(746,526)0.0
(746,527)0.0
(746,528)0.0
(746,529)0.0
(746,530)0.0
(746,531)0.0
(746,532)0.0
(746,533)0.0
(746,534)0.0
(746,535)0.0
(746,541)0.0
(746,542)0.0
(746,543)0.0
(746,544)0.0
(747,466)0.0
(747,467)0.0
(747,468)0.0
(747,545)0.0
(747,546)0.0
(748,463)0.0
(748,464)0.0
(748,465)0.0
(748,466)0.0
(748,546)0.0
(748,547)0.0
(749,461)0.0
(749,462)0.0
(749,463)0.0
(749,547)0.0
(750,459)0.0
(750,460)0.0
(750,461)0.0
(750,548)0.0
(751,457)0.0
(751,458)0.0
(751,459)0.0
(751,548)0.0
(752,455)0.0
(752,456)0.0
(752,457)0.0
(752,547)0.0
(752,548)0.0
(753,453)0.0
(753,454)0.0
(753,455)0.0
(753,546)0.0
(753,547)0.0
(754,451)0.0
(754,452)0.0
(754,453)0.0
(754,544)0.0
(754,545)0.0
(754,546)0.0
(755,449)0.0
(755,450)0.0
(755,451)0.0
(755,490)0.0
(755,491)0.0
(755,492)0.0
(755,493)0.0
(755,526)0.0
(755,527)0.0
(755,528)0.0
(755,529)0.0
(755,530)0.0
(755,531)0.0
(755,532)0.0
(755,533)0.0
(755,534)0.0
(755,535)0.0
(755,536)0.0
(755,537)0.0
(755,538)0.0
(755,539)0.0
(755,540)0.0
(755,541)0.0
(755,542)0.0
(755,543)0.0
(756,447)0.0
(756,448)0.0
(756,449)0.0
(756,487)0.0
(756,488)0.0
(756,489)0.0
(756,494)0.0
(756,495)0.0
(756,496)0.0
(756,497)0.0
(756,498)0.0
(756,521)0.0
(756,522)0.0
(756,523)0.0
(756,524)0.0
(756,525)0.0
(757,445)0.0
(757,446)0.0
(757,447)0.0
(757,485)0.0
(757,486)0.0
(757,487)0.0
(757,499)0.0
(757,500)0.0
(757,501)0.0
(757,517)0.0
(757,518)0.0
(757,519)0.0
(757,520)0.0
(758,443)0.0
(758,444)0.0
(758,445)0.0
(758,484)0.0
(758,485)0.0
(758,502)0.0
(758,503)0.0
(758,504)0.0
(758,505)0.0
(758,511)0.0
(758,512)0.0
(758,513)0.0
(758,514)0.0
(758,515)0.0
(758,516)0.0
(759,441)0.0
(759,442)0.0
(759,443)0.0
(759,483)0.0
(759,484)0.0
(759,506)0.0
(759,507)0.0
(759,508)0.0
(759,509)0.0
(759,510)0.0
(760,439)0.0
(760,440)0.0
(760,441)0.0
(760,482)0.0
(760,483)0.0
(761,437)0.0
(761,438)0.0
(761,439)0.0
(761,480)0.0
(761,481)0.0
(761,482)0.0
(762,435)0.0
(762,436)0.0
(762,437)0.0
(762,479)0.0
(762,480)0.0
(763,433)0.0
(763,434)0.0
(763,435)0.0
(763,478)0.0
(763,479)0.0
(764,431)0.0
(764,432)0.0
(764,433)0.0
(764,477)0.0
(764,478)0.0
(765,429)0.0
(765,430)0.0
(765,431)0.0
(765,476)0.0
(765,477)0.0
(766,427)0.0
(766,428)0.0
(766,429)0.0
(766,475)0.0
(766,476)0.0
(767,425)0.0
(767,426)0.0
(767,427)0.0
(767,474)0.0
(767,475)0.0
(768,423)0.0
(768,424)0.0
(768,425)0.0
(768,473)0.0
(768,474)0.0
(769,421)0.0
(769,422)0.0
(769,423)0.0
(769,472)0.0
(769,473)0.0
(770,419)0.0
(770,420)0.0
(770,421)0.0
(770,471)0.0
(770,472)0.0
(771,417)0.0
(771,418)0.0
(771,419)0.0
(771,470)0.0
(771,471)0.0
(772,415)0.0
(772,416)0.0
(772,417)0.0
(772,469)0.0
(772,470)0.0
(773,413)0.0
(773,414)0.0
(773,415)0.0
(773,469)0.0
(774,411)0.0
(774,412)0.0
(774,413)0.0
(774,468)0.0
(774,469)0.0
(775,410)0.0
(775,411)0.0
(775,467)0.0
(775,468)0.0
(776,408)0.0
(776,409)0.0
(776,410)0.0
(776,466)0.0
(776,467)0.0
(777,406)0.0
(777,407)0.0
(777,408)0.0
(777,466)0.0
(778,404)0.0
(778,405)0.0
(778,406)0.0
(778,465)0.0
(779,402)0.0
(779,403)0.0
(779,404)0.0
(779,464)0.0
(779,465)0.0
(780,400)0.0
(780,401)0.0
(780,402)0.0
(780,463)0.0
(780,464)0.0
(781,398)0.0
(781,399)0.0
(781,400)0.0
(781,462)0.0
(781,463)0.0
(782,396)0.0
(782,397)0.0
(782,398)0.0
(782,462)0.0
(783,395)0.0
(783,396)0.0
(783,461)0.0
(783,462)0.0
(784,393)0.0
(784,394)0.0
(784,395)0.0
(784,460)0.0
(784,461)0.0
(785,391)0.0
(785,392)0.0
(785,393)0.0
(785,459)0.0
(785,460)0.0
(786,389)0.0
(786,390)0.0
(786,391)0.0
(786,458)0.0
(786,459)0.0
(787,387)0.0
(787,388)0.0
(787,389)0.0
(787,457)0.0
(787,458)0.0
(788,385)0.0
(788,386)0.0
(788,387)0.0
(788,457)0.0
(789,384)0.0
(789,385)0.0
(789,456)0.0
(789,457)0.0
(790,382)0.0
(790,383)0.0
(790,455)0.0
(790,456)0.0
(791,380)0.0
(791,381)0.0
(791,382)0.0
(791,454)0.0
(791,455)0.0
(792,378)0.0
(792,379)0.0
(792,380)0.0
(792,453)0.0
(792,454)0.0
(793,376)0.0
(793,377)0.0
(793,378)0.0
(793,452)0.0
(793,453)0.0
(794,374)0.0
(794,375)0.0
(794,376)0.0
(794,451)0.0
(794,452)0.0
(795,372)0.0
(795,373)0.0
(795,374)0.0
(795,450)0.0
(795,451)0.0
(796,370)0.0
(796,371)0.0
(796,372)0.0
(796,448)0.0
(796,449)0.0
(796,450)0.0
(797,368)0.0
(797,369)0.0
(797,370)0.0
(797,447)0.0
(797,448)0.0
(798,367)0.0
(798,368)0.0
(798,446)0.0
(798,447)0.0
(799,365)0.0
(799,366)0.0
(799,367)0.0
(799,444)0.0
(799,445)0.0
(799,446)0.0
(800,363)0.0
(800,364)0.0
(800,365)0.0
(800,443)0.0
(800,444)0.0
(801,361)0.0
(801,362)0.0
(801,363)0.0
(801,442)0.0
(801,443)0.0
(802,359)0.0
(802,360)0.0
(802,361)0.0
(802,440)0.0
(802,441)0.0
(802,442)0.0
(803,357)0.0
(803,358)0.0
(803,359)0.0
(803,438)0.0
(803,439)0.0
(803,440)0.0
(804,355)0.0
(804,356)0.0
(804,357)0.0
(804,437)0.0
(804,438)0.0
(805,353)0.0
(805,354)0.0
(805,355)0.0
(805,435)0.0
(805,436)0.0
(805,437)0.0
(806,351)0.0
(806,352)0.0
(806,353)0.0
(806,433)0.0
(806,434)0.0
(806,435)0.0
(807,349)0.0
(807,350)0.0
(807,351)0.0
(807,432)0.0
(807,433)0.0
(808,347)0.0
(808,348)0.0
(808,349)0.0
(808,430)0.0
(808,431)0.0
(808,432)0.0
(809,345)0.0
(809,346)0.0
(809,347)0.0
(809,428)0.0
(809,429)0.0
(809,430)0.0
(810,343)0.0
(810,344)0.0
(810,345)0.0
(810,427)0.0
(810,428)0.0
(811,341)0.0
(811,342)0.0
(811,343)0.0
(811,425)0.0
(811,426)0.0
(811,427)0.0
(812,339)0.0
(812,340)0.0
(812,341)0.0
(812,423)0.0
(812,424)0.0
(812,425)0.0
(813,337)0.0
(813,338)0.0
(813,339)0.0
(813,421)0.0
(813,422)0.0
(813,423)0.0
(814,334)0.0
(814,335)0.0
(814,336)0.0
(814,337)0.0
(814,420)0.0
(814,421)0.0
(815,332)0.0
(815,333)0.0
(815,334)0.0
(815,418)0.0
(815,419)0.0
(815,420)0.0
(816,330)0.0
(816,331)0.0
(816,332)0.0
(816,416)0.0
(816,417)0.0
(816,418)0.0
(817,328)0.0
(817,329)0.0
(817,330)0.0
(817,414)0.0
(817,415)0.0
(817,416)0.0
(818,326)0.0
(818,327)0.0
(818,328)0.0
(818,413)0.0
(818,414)0.0
(819,324)0.0
(819,325)0.0
(819,326)0.0
(819,411)0.0
(819,412)0.0
(820,322)0.0
(820,323)0.0
(820,324)0.0
(820,409)0.0
(820,410)0.0
(820,411)0.0
(821,320)0.0
(821,321)0.0
(821,322)0.0
(821,407)0.0
(821,408)0.0
(821,409)0.0
(822,318)0.0
(822,319)0.0
(822,320)0.0
(822,406)0.0
(822,407)0.0
(823,317)0.0
(823,318)0.0
(823,404)0.0
(823,405)0.0
(823,406)0.0
(824,315)0.0
(824,316)0.0
(824,317)0.0
(824,402)0.0
(824,403)0.0
(824,404)0.0
(825,314)0.0
(825,315)0.0
(825,400)0.0
(825,401)0.0
(825,402)0.0
(826,313)0.0
(826,314)0.0
(826,398)0.0
(826,399)0.0
(826,400)0.0
(827,311)0.0
(827,312)0.0
(827,313)0.0
(827,397)0.0
(827,398)0.0
(828,310)0.0
(828,311)0.0
(828,395)0.0
(828,396)0.0
(828,397)0.0
(829,309)0.0
(829,310)0.0
(829,393)0.0
(829,394)0.0
(829,395)0.0
(830,308)0.0
(830,309)0.0
(830,392)0.0
(830,393)0.0
(831,307)0.0
(831,308)0.0
(831,390)0.0
(831,391)0.0
(831,392)0.0
(832,306)0.0
(832,307)0.0
(832,388)0.0
(832,389)0.0
(832,390)0.0
(833,304)0.0
(833,305)0.0
(833,386)0.0
(833,387)0.0
(833,388)0.0
(833,887)0.0
(834,303)0.0
(834,304)0.0
(834,385)0.0
(834,386)0.0
(834,883)0.0
(834,884)0.0
(834,885)0.0
(834,886)0.0
(834,888)0.0
(834,889)0.0
(834,890)0.0
(835,302)0.0
(835,303)0.0
(835,383)0.0
(835,384)0.0
(835,385)0.0
(835,882)0.0
(835,883)0.0
(835,890)0.0
(836,302)0.0
(836,381)0.0
(836,382)0.0
(836,383)0.0
(836,880)0.0
(836,881)0.0
(836,882)0.0
(836,890)0.0
(837,301)0.0
(837,302)0.0
(837,379)0.0
(837,380)0.0
(837,381)0.0
(837,879)0.0
(837,880)0.0
(837,890)0.0
(838,300)0.0
(838,301)0.0
(838,378)0.0
(838,379)0.0
(838,877)0.0
(838,878)0.0
(838,879)0.0
(838,890)0.0
(839,299)0.0
(839,300)0.0
(839,376)0.0
(839,377)0.0
(839,378)0.0
(839,875)0.0
(839,876)0.0
(839,877)0.0
(839,890)0.0
(840,298)0.0
(840,299)0.0
(840,374)0.0
(840,375)0.0
(840,376)0.0
(840,874)0.0
(840,875)0.0
(840,890)0.0
(841,297)0.0
(841,298)0.0
(841,373)0.0
(841,374)0.0
(841,723)0.0
(841,724)0.0
(841,725)0.0
(841,726)0.0
(841,727)0.0
(841,728)0.0
(841,729)0.0
(841,730)0.0
(841,731)0.0
(841,732)0.0
(841,733)0.0
(841,734)0.0
(841,735)0.0
(841,736)0.0
(841,737)0.0
(841,738)0.0
(841,739)0.0
(841,740)0.0
(841,741)0.0
(841,742)0.0
(841,743)0.0
(841,744)0.0
(841,745)0.0
(841,746)0.0
(841,747)0.0
(841,748)0.0
(841,749)0.0
(841,872)0.0
(841,873)0.0
(841,874)0.0
(841,890)0.0
(842,297)0.0
(842,371)0.0
(842,372)0.0
(842,373)0.0
(842,712)0.0
(842,713)0.0
(842,714)0.0
(842,715)0.0
(842,716)0.0
(842,717)0.0
(842,718)0.0
(842,719)0.0
(842,720)0.0
(842,721)0.0
(842,722)0.0
(842,750)0.0
(842,751)0.0
(842,752)0.0
(842,753)0.0
(842,754)0.0
(842,755)0.0
(842,756)0.0
(842,757)0.0
(842,758)0.0
(842,871)0.0
(842,872)0.0
(842,890)0.0
(843,296)0.0
(843,297)0.0
(843,369)0.0
(843,370)0.0
(843,371)0.0
(843,702)0.0
(843,703)0.0
(843,704)0.0
(843,705)0.0
(843,706)0.0
(843,707)0.0
(843,708)0.0
(843,709)0.0
(843,710)0.0
(843,711)0.0
(843,759)0.0
(843,760)0.0
(843,761)0.0
(843,762)0.0
(843,763)0.0
(843,764)0.0
(843,765)0.0
(843,870)0.0
(843,871)0.0
(843,890)0.0
(844,295)0.0
(844,296)0.0
(844,368)0.0
(844,369)0.0
(844,695)0.0
(844,696)0.0
(844,697)0.0
(844,698)0.0
(844,699)0.0
(844,700)0.0
(844,701)0.0
(844,766)0.0
(844,767)0.0
(844,768)0.0
(844,769)0.0
(844,770)0.0
(844,869)0.0
(844,870)0.0
(844,890)0.0
(845,295)0.0
(845,366)0.0
(845,367)0.0
(845,688)0.0
(845,689)0.0
(845,690)0.0
(845,691)0.0
(845,692)0.0
(845,693)0.0
(845,694)0.0
(845,771)0.0
(845,772)0.0
(845,773)0.0
(845,774)0.0
(845,775)0.0
(845,867)0.0
(845,868)0.0
(845,869)0.0
(845,890)0.0
(846,294)0.0
(846,295)0.0
(846,364)0.0
(846,365)0.0
(846,366)0.0
(846,590)0.0
(846,591)0.0
(846,592)0.0
(846,593)0.0
(846,594)0.0
(846,595)0.0
(846,596)0.0
(846,597)0.0
(846,598)0.0
(846,599)0.0
(846,600)0.0
(846,601)0.0
(846,602)0.0
(846,603)0.0
(846,604)0.0
(846,605)0.0
(846,606)0.0
(846,607)0.0
(846,608)0.0
(846,609)0.0
(846,610)0.0
(846,611)0.0
(846,612)0.0
(846,613)0.0
(846,614)0.0
(846,615)0.0
(846,616)0.0
(846,617)0.0
(846,618)0.0
(846,619)0.0
(846,620)0.0
(846,621)0.0
(846,622)0.0
(846,623)0.0
(846,624)0.0
(846,625)0.0
(846,626)0.0
(846,627)0.0
(846,628)0.0
(846,629)0.0
(846,630)0.0
(846,631)0.0
(846,632)0.0
(846,633)0.0
(846,634)0.0
(846,635)0.0
(846,636)0.0
(846,637)0.0
(846,638)0.0
(846,639)0.0
(846,640)0.0
(846,641)0.0
(846,642)0.0
(846,643)0.0
(846,644)0.0
(846,645)0.0
(846,646)0.0
(846,647)0.0
(846,648)0.0
(846,649)0.0
(846,650)0.0
(846,651)0.0
(846,652)0.0
(846,653)0.0
(846,654)0.0
(846,655)0.0
(846,656)0.0
(846,657)0.0
(846,658)0.0
(846,659)0.0
(846,660)0.0
(846,661)0.0
(846,662)0.0
(846,663)0.0
(846,664)0.0
(846,665)0.0
(846,666)0.0
(846,667)0.0
(846,678)0.0
(846,679)0.0
(846,680)0.0
(846,681)0.0
(846,682)0.0
(846,683)0.0
(846,684)0.0
(846,685)0.0
(846,686)0.0
(846,687)0.0
(846,776)0.0
(846,777)0.0
(846,778)0.0
(846,779)0.0
(846,780)0.0
(846,865)0.0
(846,866)0.0
(846,867)0.0
(846,890)0.0
(846,891)0.0
(847,293)0.0
(847,294)0.0
(847,362)0.0
(847,363)0.0
(847,364)0.0
(847,581)0.0
(847,582)0.0
(847,583)0.0
(847,584)0.0
(847,585)0.0
(847,586)0.0
(847,587)0.0
(847,588)0.0
(847,589)0.0
(847,668)0.0
(847,669)0.0
(847,670)0.0
(847,671)0.0
(847,672)0.0
(847,673)0.0
(847,674)0.0
(847,675)0.0
(847,676)0.0
(847,677)0.0
(847,781)0.0
(847,782)0.0
(847,783)0.0
(847,784)0.0
(847,862)0.0
(847,863)0.0
(847,864)0.0
(847,891)0.0
(848,293)0.0
(848,360)0.0
(848,361)0.0
(848,362)0.0
(848,573)0.0
(848,574)0.0
(848,575)0.0
(848,576)0.0
(848,577)0.0
(848,578)0.0
(848,579)0.0
(848,580)0.0
(848,785)0.0
(848,786)0.0
(848,787)0.0
(848,788)0.0
(848,789)0.0
(848,855)0.0
(848,856)0.0
(848,857)0.0
(848,858)0.0
(848,859)0.0
(848,860)0.0
(848,861)0.0
(848,890)0.0
(849,292)0.0
(849,293)0.0
(849,357)0.0
(849,358)0.0
(849,359)0.0
(849,567)0.0
(849,568)0.0
(849,569)0.0
(849,570)0.0
(849,571)0.0
(849,572)0.0
(849,790)0.0
(849,791)0.0
(849,792)0.0
(849,793)0.0
(849,794)0.0
(849,795)0.0
(849,847)0.0
(849,848)0.0
(849,849)0.0
(849,850)0.0
(849,851)0.0
(849,852)0.0
(849,853)0.0
(849,854)0.0
(849,890)0.0
(850,292)0.0
(850,355)0.0
(850,356)0.0
(850,357)0.0
(850,561)0.0
(850,562)0.0
(850,563)0.0
(850,564)0.0
(850,565)0.0
(850,566)0.0
(850,796)0.0
(850,797)0.0
(850,798)0.0
(850,799)0.0
(850,800)0.0
(850,801)0.0
(850,802)0.0
(850,803)0.0
(850,837)0.0
(850,838)0.0
(850,839)0.0
(850,840)0.0
(850,841)0.0
(850,842)0.0
(850,843)0.0
(850,844)0.0
(850,845)0.0
(850,846)0.0
(850,889)0.0
(850,890)0.0
(851,291)0.0
(851,292)0.0
(851,356)0.0
(851,556)0.0
(851,557)0.0
(851,558)0.0
(851,559)0.0
(851,560)0.0
(851,804)0.0
(851,805)0.0
(851,806)0.0
(851,807)0.0
(851,808)0.0
(851,809)0.0
(851,810)0.0
(851,811)0.0
(851,812)0.0
(851,813)0.0
(851,814)0.0
(851,815)0.0
(851,816)0.0
(851,817)0.0
(851,818)0.0
(851,819)0.0
(851,820)0.0
(851,821)0.0
(851,822)0.0
(851,823)0.0
(851,824)0.0
(851,825)0.0
(851,826)0.0
(851,827)0.0
(851,828)0.0
(851,829)0.0
(851,830)0.0
(851,831)0.0
(851,832)0.0
(851,833)0.0
(851,834)0.0
(851,835)0.0
(851,836)0.0
(851,888)0.0
(851,889)0.0
(852,291)0.0
(852,355)0.0
(852,356)0.0
(852,357)0.0
(852,358)0.0
(852,359)0.0
(852,551)0.0
(852,552)0.0
(852,553)0.0
(852,554)0.0
(852,555)0.0
(852,889)0.0
(853,290)0.0
(853,291)0.0
(853,360)0.0
(853,361)0.0
(853,362)0.0
(853,363)0.0
(853,364)0.0
(853,546)0.0
(853,547)0.0
(853,548)0.0
(853,549)0.0
(853,550)0.0
(853,889)0.0
(853,890)0.0
(854,290)0.0
(854,365)0.0
(854,366)0.0
(854,367)0.0
(854,368)0.0
(854,369)0.0
(854,541)0.0
(854,542)0.0
(854,543)0.0
(854,544)0.0
(854,545)0.0
(854,890)0.0
(854,891)0.0
(855,289)0.0
(855,290)0.0
(855,370)0.0
(855,371)0.0
(855,372)0.0
(855,373)0.0
(855,374)0.0
(855,375)0.0
(855,536)0.0
(855,537)0.0
(855,538)0.0
(855,539)0.0
(855,540)0.0
(855,891)0.0
(856,289)0.0
(856,376)0.0
(856,377)0.0
(856,378)0.0
(856,379)0.0
(856,380)0.0
(856,532)0.0
(856,533)0.0
(856,534)0.0
(856,535)0.0
(856,891)0.0
(857,288)0.0
(857,289)0.0
(857,381)0.0
(857,382)0.0
(857,383)0.0
(857,384)0.0
(857,527)0.0
(857,528)0.0
(857,529)0.0
(857,530)0.0
(857,531)0.0
(857,891)0.0
(858,288)0.0
(858,385)0.0
(858,386)0.0
(858,387)0.0
(858,388)0.0
(858,389)0.0
(858,522)0.0
(858,523)0.0
(858,524)0.0
(858,525)0.0
(858,526)0.0
(858,891)0.0
(859,287)0.0
(859,288)0.0
(859,390)0.0
(859,391)0.0
(859,392)0.0
(859,393)0.0
(859,518)0.0
(859,519)0.0
(859,520)0.0
(859,521)0.0
(859,891)0.0
(860,287)0.0
(860,394)0.0
(860,395)0.0
(860,396)0.0
(860,513)0.0
(860,514)0.0
(860,515)0.0
(860,516)0.0
(860,517)0.0
(860,891)0.0
(861,286)0.0
(861,287)0.0
(861,397)0.0
(861,398)0.0
(861,399)0.0
(861,400)0.0
(861,508)0.0
(861,509)0.0
(861,510)0.0
(861,511)0.0
(861,512)0.0
(861,892)0.0
(862,286)0.0
(862,401)0.0
(862,402)0.0
(862,403)0.0
(862,504)0.0
(862,505)0.0
(862,506)0.0
(862,507)0.0
(862,892)0.0
(863,286)0.0
(863,404)0.0
(863,405)0.0
(863,406)0.0
(863,499)0.0
(863,500)0.0
(863,501)0.0
(863,502)0.0
(863,503)0.0
(863,892)0.0
(864,285)0.0
(864,407)0.0
(864,408)0.0
(864,409)0.0
(864,461)0.0
(864,462)0.0
(864,463)0.0
(864,464)0.0
(864,465)0.0
(864,466)0.0
(864,467)0.0
(864,468)0.0
(864,469)0.0
(864,470)0.0
(864,471)0.0
(864,472)0.0
(864,473)0.0
(864,474)0.0
(864,494)0.0
(864,495)0.0
(864,496)0.0
(864,497)0.0
(864,498)0.0
(864,892)0.0
(865,285)0.0
(865,410)0.0
(865,411)0.0
(865,412)0.0
(865,445)0.0
(865,446)0.0
(865,447)0.0
(865,448)0.0
(865,449)0.0
(865,450)0.0
(865,451)0.0
(865,452)0.0
(865,453)0.0
(865,454)0.0
(865,455)0.0
(865,456)0.0
(865,457)0.0
(865,458)0.0
(865,459)0.0
(865,460)0.0
(865,475)0.0
(865,476)0.0
(865,477)0.0
(865,478)0.0
(865,479)0.0
(865,480)0.0
(865,481)0.0
(865,482)0.0
(865,483)0.0
(865,484)0.0
(865,485)0.0
(865,486)0.0
(865,487)0.0
(865,488)0.0
(865,489)0.0
(865,490)0.0
(865,491)0.0
(865,492)0.0
(865,493)0.0
(865,892)0.0
(866,284)0.0
(866,413)0.0
(866,414)0.0
(866,415)0.0
(866,416)0.0
(866,417)0.0
(866,428)0.0
(866,429)0.0
(866,430)0.0
(866,431)0.0
(866,432)0.0
(866,433)0.0
(866,434)0.0
(866,435)0.0
(866,436)0.0
(866,437)0.0
(866,438)0.0
(866,439)0.0
(866,440)0.0
(866,441)0.0
(866,442)0.0
(866,443)0.0
(866,444)0.0
(866,892)0.0
(867,284)0.0
(867,418)0.0
(867,419)0.0
(867,420)0.0
(867,421)0.0
(867,422)0.0
(867,423)0.0
(867,424)0.0
(867,425)0.0
(867,426)0.0
(867,427)0.0
(867,892)0.0
(868,284)0.0
(868,892)0.0
(869,283)0.0
(869,892)0.0
(870,283)0.0
(870,892)0.0
(871,282)0.0
(871,892)0.0
(872,282)0.0
(872,892)0.0
(873,282)0.0
(873,891)0.0
(873,892)0.0
(874,281)0.0
(874,890)0.0
(874,891)0.0
(875,281)0.0
(875,890)0.0
(876,280)0.0
(876,803)0.0
(876,804)0.0
(876,805)0.0
(876,806)0.0
(876,807)0.0
(876,808)0.0
(876,809)0.0
(876,810)0.0
(876,811)0.0
(876,812)0.0
(876,813)0.0
(876,814)0.0
(876,815)0.0
(876,816)0.0
(876,817)0.0
(876,818)0.0
(876,819)0.0
(876,820)0.0
(876,821)0.0
(876,822)0.0
(876,823)0.0
(876,824)0.0
(876,825)0.0
(876,826)0.0
(876,827)0.0
(876,828)0.0
(876,829)0.0
(876,830)0.0
(876,831)0.0
(876,832)0.0
(876,833)0.0
(876,834)0.0
(876,835)0.0
(876,836)0.0
(876,837)0.0
(876,838)0.0
(876,839)0.0
(876,840)0.0
(876,841)0.0
(876,842)0.0
(876,888)0.0
(876,889)0.0
(876,890)0.0
(877,280)0.0
(877,793)0.0
(877,794)0.0
(877,795)0.0
(877,796)0.0
(877,797)0.0
(877,798)0.0
(877,799)0.0
(877,800)0.0
(877,801)0.0
(877,802)0.0
(877,843)0.0
(877,844)0.0
(877,845)0.0
(877,846)0.0
(877,847)0.0
(877,848)0.0
(877,849)0.0
(877,850)0.0
(877,851)0.0
(877,852)0.0
(877,853)0.0
(877,854)0.0
(877,855)0.0
(877,856)0.0
(877,857)0.0
(877,858)0.0
(877,887)0.0
(877,888)0.0
(878,279)0.0
(878,280)0.0
(878,787)0.0
(878,788)0.0
(878,789)0.0
(878,790)0.0
(878,791)0.0
(878,792)0.0
(878,859)0.0
(878,860)0.0
(878,861)0.0
(878,862)0.0
(878,863)0.0
(878,864)0.0
(878,865)0.0
(878,866)0.0
(878,867)0.0
(878,868)0.0
(878,869)0.0
(878,870)0.0
(878,871)0.0
(878,872)0.0
(878,873)0.0
(878,874)0.0
(878,875)0.0
(878,876)0.0
(878,877)0.0
(878,878)0.0
(878,879)0.0
(878,880)0.0
(878,881)0.0
(878,882)0.0
(878,883)0.0
(878,884)0.0
(878,885)0.0
(878,886)0.0
(879,279)0.0
(879,781)0.0
(879,782)0.0
(879,783)0.0
(879,784)0.0
(879,785)0.0
(879,786)0.0
(880,278)0.0
(880,279)0.0
(880,776)0.0
(880,777)0.0
(880,778)0.0
(880,779)0.0
(880,780)0.0
(881,278)0.0
(881,772)0.0
(881,773)0.0
(881,774)0.0
(881,775)0.0
(882,277)0.0
(882,278)0.0
(882,767)0.0
(882,768)0.0
(882,769)0.0
(882,770)0.0
(882,771)0.0
(883,277)0.0
(883,764)0.0
(883,765)0.0
(883,766)0.0
(884,276)0.0
(884,277)0.0
(884,760)0.0
(884,761)0.0
(884,762)0.0
(884,763)0.0
(885,276)0.0
(885,755)0.0
(885,756)0.0
(885,757)0.0
(885,758)0.0
(885,759)0.0
(886,275)0.0
(886,276)0.0
(886,749)0.0
(886,750)0.0
(886,751)0.0
(886,752)0.0
(886,753)0.0
(886,754)0.0
(887,275)0.0
(887,740)0.0
(887,741)0.0
(887,742)0.0
(887,743)0.0
(887,744)0.0
(887,745)0.0
(887,746)0.0
(887,747)0.0
(887,748)0.0
(888,274)0.0
(888,275)0.0
(888,729)0.0
(888,730)0.0
(888,731)0.0
(888,732)0.0
(888,733)0.0
(888,734)0.0
(888,735)0.0
(888,736)0.0
(888,737)0.0
(888,738)0.0
(888,739)0.0
(889,217)0.0
(889,218)0.0
(889,219)0.0
(889,220)0.0
(889,221)0.0
(889,222)0.0
(889,223)0.0
(889,273)0.0
(889,274)0.0
(889,708)0.0
(889,709)0.0
(889,710)0.0
(889,711)0.0
(889,712)0.0
(889,713)0.0
(889,714)0.0
(889,715)0.0
(889,716)0.0
(889,717)0.0
(889,718)0.0
(889,719)0.0
(889,720)0.0
(889,721)0.0
(889,722)0.0
(889,723)0.0
(889,724)0.0
(889,725)0.0
(889,726)0.0
(889,727)0.0
(889,728)0.0
(890,213)0.0
(890,214)0.0
(890,215)0.0
(890,216)0.0
(890,224)0.0
(890,225)0.0
(890,226)0.0
(890,273)0.0
(890,681)0.0
(890,682)0.0
(890,683)0.0
(890,684)0.0
(890,685)0.0
(890,686)0.0
(890,687)0.0
(890,688)0.0
(890,689)0.0
(890,690)0.0
(890,691)0.0
(890,692)0.0
(890,693)0.0
(890,694)0.0
(890,695)0.0
(890,696)0.0
(890,697)0.0
(890,698)0.0
(890,699)0.0
(890,700)0.0
(890,701)0.0
(890,702)0.0
(890,703)0.0
(890,704)0.0
(890,705)0.0
(890,706)0.0
(890,707)0.0
(891,212)0.0
(891,213)0.0
(891,227)0.0
(891,228)0.0
(891,229)0.0
(891,272)0.0
(891,273)0.0
(891,678)0.0
(891,679)0.0
(891,680)0.0
(892,212)0.0
(892,229)0.0
(892,230)0.0
(892,231)0.0
(892,271)0.0
(892,272)0.0
(892,675)0.0
(892,676)0.0
(892,677)0.0
(893,211)0.0
(893,231)0.0
(893,232)0.0
(893,270)0.0
(893,271)0.0
(893,672)0.0
(893,673)0.0
(893,674)0.0
(894,210)0.0
(894,211)0.0
(894,232)0.0
(894,233)0.0
(894,269)0.0
(894,270)0.0
(894,669)0.0
(894,670)0.0
(894,671)0.0
(895,193)0.0
(895,194)0.0
(895,195)0.0
(895,196)0.0
(895,197)0.0
(895,198)0.0
(895,199)0.0
(895,200)0.0
(895,201)0.0
(895,202)0.0
(895,203)0.0
(895,204)0.0
(895,205)0.0
(895,206)0.0
(895,207)0.0
(895,208)0.0
(895,209)0.0
(895,210)0.0
(895,233)0.0
(895,234)0.0
(895,268)0.0
(895,269)0.0
(895,666)0.0
(895,667)0.0
(895,668)0.0
(896,189)0.0
(896,190)0.0
(896,191)0.0
(896,192)0.0
(896,234)0.0
(896,267)0.0
(896,268)0.0
(896,663)0.0
(896,664)0.0
(896,665)0.0
(897,186)0.0
(897,187)0.0
(897,188)0.0
(897,234)0.0
(897,235)0.0
(897,236)0.0
(897,266)0.0
(897,267)0.0
(897,660)0.0
(897,661)0.0
(897,662)0.0
(898,184)0.0
(898,185)0.0
(898,186)0.0
(898,236)0.0
(898,237)0.0
(898,238)0.0
(898,264)0.0
(898,265)0.0
(898,266)0.0
(898,656)0.0
(898,657)0.0
(898,658)0.0
(898,659)0.0
(899,182)0.0
(899,183)0.0
(899,184)0.0
(899,239)0.0
(899,240)0.0
(899,241)0.0
(899,242)0.0
(899,263)0.0
(899,264)0.0
(899,652)0.0
(899,653)0.0
(899,654)0.0
(899,655)0.0
(900,181)0.0
(900,182)0.0
(900,243)0.0
(900,244)0.0
(900,245)0.0
(900,246)0.0
(900,247)0.0
(900,248)0.0
(900,249)0.0
(900,260)0.0
(900,261)0.0
(900,262)0.0
(900,263)0.0
(900,648)0.0
(900,649)0.0
(900,650)0.0
(900,651)0.0
(901,180)0.0
(901,181)0.0
(901,250)0.0
(901,251)0.0
(901,252)0.0
(901,253)0.0
(901,254)0.0
(901,255)0.0
(901,256)0.0
(901,257)0.0
(901,258)0.0
(901,259)0.0
(901,645)0.0
(901,646)0.0
(901,647)0.0
(902,179)0.0
(902,180)0.0
(902,641)0.0
(902,642)0.0
(902,643)0.0
(902,644)0.0
(903,178)0.0
(903,179)0.0
(903,636)0.0
(903,637)0.0
(903,638)0.0
(903,639)0.0
(903,640)0.0
(904,177)0.0
(904,178)0.0
(904,632)0.0
(904,633)0.0
(904,634)0.0
(904,635)0.0
(905,176)0.0
(905,177)0.0
(905,628)0.0
(905,629)0.0
(905,630)0.0
(905,631)0.0
(906,175)0.0
(906,176)0.0
(906,623)0.0
(906,624)0.0
(906,625)0.0
(906,626)0.0
(906,627)0.0
(907,175)0.0
(907,619)0.0
(907,620)0.0
(907,621)0.0
(907,622)0.0
(908,174)0.0
(908,175)0.0
(908,614)0.0
(908,615)0.0
(908,616)0.0
(908,617)0.0
(908,618)0.0
(909,174)0.0
(909,610)0.0
(909,611)0.0
(909,612)0.0
(909,613)0.0
(910,173)0.0
(910,174)0.0
(910,605)0.0
(910,606)0.0
(910,607)0.0
(910,608)0.0
(910,609)0.0
(911,173)0.0
(911,600)0.0
(911,601)0.0
(911,602)0.0
(911,603)0.0
(911,604)0.0
(912,173)0.0
(912,595)0.0
(912,596)0.0
(912,597)0.0
(912,598)0.0
(912,599)0.0
(913,172)0.0
(913,590)0.0
(913,591)0.0
(913,592)0.0
(913,593)0.0
(913,594)0.0
(914,172)0.0
(914,585)0.0
(914,586)0.0
(914,587)0.0
(914,588)0.0
(914,589)0.0
(915,172)0.0
(915,580)0.0
(915,581)0.0
(915,582)0.0
(915,583)0.0
(915,584)0.0
(916,171)0.0
(916,575)0.0
(916,576)0.0
(916,577)0.0
(916,578)0.0
(916,579)0.0
(917,171)0.0
(917,570)0.0
(917,571)0.0
(917,572)0.0
(917,573)0.0
(917,574)0.0
(918,171)0.0
(918,564)0.0
(918,565)0.0
(918,566)0.0
(918,567)0.0
(918,568)0.0
(918,569)0.0
(919,171)0.0
(919,559)0.0
(919,560)0.0
(919,561)0.0
(919,562)0.0
(919,563)0.0
(920,171)0.0
(920,554)0.0
(920,555)0.0
(920,556)0.0
(920,557)0.0
(920,558)0.0
(921,170)0.0
(921,552)0.0
(921,553)0.0
(922,170)0.0
(922,551)0.0
(922,552)0.0
(923,170)0.0
(923,551)0.0
(924,170)0.0
(924,551)0.0
(925,170)0.0
(925,550)0.0
(926,170)0.0
(926,551)0.0
(927,170)0.0
(927,551)0.0
(928,170)0.0
(928,551)0.0
(928,552)0.0
(929,170)0.0
(929,552)0.0
(929,553)0.0
(930,171)0.0
(930,554)0.0
(930,555)0.0
(930,556)0.0
(930,557)0.0
(930,558)0.0
(931,171)0.0
(931,559)0.0
(931,560)0.0
(931,561)0.0
(931,562)0.0
(931,563)0.0
(931,564)0.0
(932,171)0.0
(932,565)0.0
(932,566)0.0
(932,567)0.0
(932,568)0.0
(932,569)0.0
(933,171)0.0
(933,570)0.0
(933,571)0.0
(933,572)0.0
(933,573)0.0
(933,574)0.0
(934,172)0.0
(934,575)0.0
(934,576)0.0
(934,577)0.0
(934,578)0.0
(934,579)0.0
(935,172)0.0
(935,580)0.0
(935,581)0.0
(935,582)0.0
(935,583)0.0
(935,584)0.0
(935,585)0.0
(936,172)0.0
(936,586)0.0
(936,587)0.0
(936,588)0.0
(936,589)0.0
(937,172)0.0
(937,590)0.0
(937,591)0.0
(937,592)0.0
(937,593)0.0
(937,594)0.0
(937,595)0.0
(938,173)0.0
(938,596)0.0
(938,597)0.0
(938,598)0.0
(938,599)0.0
(939,173)0.0
(939,600)0.0
(939,601)0.0
(939,602)0.0
(939,603)0.0
(939,604)0.0
(940,173)0.0
(940,174)0.0
(940,605)0.0
(940,606)0.0
(940,607)0.0
(940,608)0.0
(940,609)0.0
(941,174)0.0
(941,610)0.0
(941,611)0.0
(941,612)0.0
(941,613)0.0
(941,614)0.0
(942,174)0.0
(942,175)0.0
(942,615)0.0
(942,616)0.0
(942,617)0.0
(942,618)0.0
(943,175)0.0
(943,619)0.0
(943,620)0.0
(943,621)0.0
(943,622)0.0
(943,623)0.0
(944,175)0.0
(944,176)0.0
(944,624)0.0
(944,625)0.0
(944,626)0.0
(944,627)0.0
(945,176)0.0
(945,177)0.0
(945,628)0.0
(945,629)0.0
(945,630)0.0
(945,631)0.0
(945,632)0.0
(946,177)0.0
(946,178)0.0
(946,633)0.0
(946,634)0.0
(946,635)0.0
(946,636)0.0
(947,178)0.0
(947,179)0.0
(947,637)0.0
(947,638)0.0
(947,639)0.0
(947,640)0.0
(948,179)0.0
(948,180)0.0
(948,641)0.0
(948,642)0.0
(948,643)0.0
(948,644)0.0
(949,180)0.0
(949,181)0.0
(949,248)0.0
(949,249)0.0
(949,250)0.0
(949,251)0.0
(949,252)0.0
(949,253)0.0
(949,254)0.0
(949,255)0.0
(949,256)0.0
(949,257)0.0
(949,258)0.0
(949,259)0.0
(949,260)0.0
(949,645)0.0
(949,646)0.0
(949,647)0.0
(949,648)0.0
(950,181)0.0
(950,182)0.0
(950,183)0.0
(950,242)0.0
(950,243)0.0
(950,244)0.0
(950,245)0.0
(950,246)0.0
(950,247)0.0
(950,261)0.0
(950,262)0.0
(950,263)0.0
(950,649)0.0
(950,650)0.0
(950,651)0.0
(950,652)0.0
(951,183)0.0
(951,184)0.0
(951,238)0.0
(951,239)0.0
(951,240)0.0
(951,241)0.0
(951,263)0.0
(951,264)0.0
(951,265)0.0
(951,653)0.0
(951,654)0.0
(951,655)0.0
(952,184)0.0
(952,185)0.0
(952,186)0.0
(952,236)0.0
(952,237)0.0
(952,265)0.0
(952,266)0.0
(952,656)0.0
(952,657)0.0
(952,658)0.0
(952,659)0.0
(953,186)0.0
(953,187)0.0
(953,188)0.0
(953,234)0.0
(953,235)0.0
(953,236)0.0
(953,266)0.0
(953,267)0.0
(953,660)0.0
(953,661)0.0
(953,662)0.0
(954,189)0.0
(954,190)0.0
(954,191)0.0
(954,192)0.0
(954,234)0.0
(954,267)0.0
(954,268)0.0
(954,663)0.0
(954,664)0.0
(954,665)0.0
(955,193)0.0
(955,194)0.0
(955,195)0.0
(955,196)0.0
(955,197)0.0
(955,198)0.0
(955,199)0.0
(955,200)0.0
(955,201)0.0
(955,202)0.0
(955,203)0.0
(955,204)0.0
(955,205)0.0
(955,206)0.0
(955,207)0.0
(955,208)0.0
(955,209)0.0
(955,210)0.0
(955,233)0.0
(955,234)0.0
(955,268)0.0
(955,269)0.0
(955,666)0.0
(955,667)0.0
(955,668)0.0
(956,210)0.0
(956,211)0.0
(956,232)0.0
(956,233)0.0
(956,269)0.0
(956,270)0.0
(956,669)0.0
(956,670)0.0
(956,671)0.0
(957,211)0.0
(957,231)0.0
(957,232)0.0
(957,270)0.0
(957,271)0.0
(957,672)0.0
(957,673)0.0
(957,674)0.0
(958,212)0.0
(958,229)0.0
(958,230)0.0
(958,231)0.0
(958,271)0.0
(958,272)0.0
(958,675)0.0
(958,676)0.0
(958,677)0.0
(959,212)0.0
(959,213)0.0
(959,227)0.0
(959,228)0.0
(959,229)0.0
(959,272)0.0
(959,273)0.0
(959,678)0.0
(959,679)0.0
(959,680)0.0
(960,213)0.0
(960,214)0.0
(960,215)0.0
(960,216)0.0
(960,217)0.0
(960,218)0.0
(960,222)0.0
(960,223)0.0
(960,224)0.0
(960,225)0.0
(960,226)0.0
(960,273)0.0
(960,681)0.0
(960,682)0.0
(960,683)0.0
(960,684)0.0
(960,685)0.0
(960,686)0.0
(960,687)0.0
(960,688)0.0
(960,689)0.0
(960,690)0.0
(960,691)0.0
(960,692)0.0
(960,693)0.0
(960,694)0.0
(960,695)0.0
(960,696)0.0
(960,697)0.0
(960,698)0.0
(960,699)0.0
(960,700)0.0
(960,701)0.0
(960,702)0.0
(960,703)0.0
(960,704)0.0
(960,705)0.0
(960,709)0.0
(960,710)0.0
(961,219)0.0
(961,220)0.0
(961,221)0.0
(961,273)0.0
(961,274)0.0
(961,706)0.0
(961,707)0.0
(961,708)0.0
(961,711)0.0
(961,712)0.0
(961,713)0.0
(961,714)0.0
(961,715)0.0
(961,716)0.0
(961,717)0.0
(961,718)0.0
(961,719)0.0
(961,720)0.0
(961,721)0.0
(961,722)0.0
(961,723)0.0
(961,724)0.0
(961,725)0.0
(961,726)0.0
(961,727)0.0
(961,728)0.0
(961,729)0.0
(961,730)0.0
(961,731)0.0
(962,274)0.0
(962,275)0.0
(962,732)0.0
(962,733)0.0
(962,734)0.0
(962,735)0.0
(962,736)0.0
(962,737)0.0
(962,738)0.0
(962,739)0.0
(962,740)0.0
(962,741)0.0
(963,275)0.0
(963,742)0.0
(963,743)0.0
(963,744)0.0
(963,745)0.0
(963,746)0.0
(963,747)0.0
(963,748)0.0
(964,275)0.0
(964,276)0.0
(964,749)0.0
(964,750)0.0
(964,751)0.0
(964,752)0.0
(964,753)0.0
(964,754)0.0
(965,276)0.0
(965,755)0.0
(965,756)0.0
(965,757)0.0
(965,758)0.0
(965,759)0.0
(966,276)0.0
(966,277)0.0
(966,760)0.0
(966,761)0.0
(966,762)0.0
(966,763)0.0
(967,277)0.0
(967,764)0.0
(967,765)0.0
(967,766)0.0
(967,767)0.0
(968,277)0.0
(968,278)0.0
(968,768)0.0
(968,769)0.0
(968,770)0.0
(968,771)0.0
(969,278)0.0
(969,772)0.0
(969,773)0.0
(969,774)0.0
(969,775)0.0
(969,776)0.0
(970,278)0.0
(970,279)0.0
(970,777)0.0
(970,778)0.0
(970,779)0.0
(970,780)0.0
(971,279)0.0
(971,781)0.0
(971,782)0.0
(971,783)0.0
(971,784)0.0
(971,785)0.0
(971,786)0.0
(972,279)0.0
(972,787)0.0
(972,788)0.0
(972,789)0.0
(972,790)0.0
(972,791)0.0
(972,792)0.0
(972,858)0.0
(972,859)0.0
(972,860)0.0
(972,861)0.0
(972,862)0.0
(972,863)0.0
(972,864)0.0
(972,865)0.0
(972,866)0.0
(972,867)0.0
(972,868)0.0
(972,869)0.0
(972,870)0.0
(972,871)0.0
(972,872)0.0
(972,873)0.0
(972,874)0.0
(972,875)0.0
(972,876)0.0
(972,877)0.0
(972,878)0.0
(972,879)0.0
(972,880)0.0
(972,881)0.0
(972,882)0.0
(972,883)0.0
(972,884)0.0
(972,885)0.0
(972,886)0.0
(972,887)0.0
(973,280)0.0
(973,793)0.0
(973,794)0.0
(973,795)0.0
(973,796)0.0
(973,797)0.0
(973,798)0.0
(973,799)0.0
(973,800)0.0
(973,801)0.0
(973,802)0.0
(973,845)0.0
(973,846)0.0
(973,847)0.0
(973,848)0.0
(973,849)0.0
(973,850)0.0
(973,851)0.0
(973,852)0.0
(973,853)0.0
(973,854)0.0
(973,855)0.0
(973,856)0.0
(973,857)0.0
(973,887)0.0
(973,888)0.0
(973,889)0.0
(974,280)0.0
(974,281)0.0
(974,803)0.0
(974,804)0.0
(974,805)0.0
(974,806)0.0
(974,807)0.0
(974,808)0.0
(974,809)0.0
(974,810)0.0
(974,811)0.0
(974,812)0.0
(974,813)0.0
(974,814)0.0
(974,815)0.0
(974,816)0.0
(974,817)0.0
(974,818)0.0
(974,819)0.0
(974,820)0.0
(974,821)0.0
(974,822)0.0
(974,823)0.0
(974,824)0.0
(974,825)0.0
(974,826)0.0
(974,827)0.0
(974,828)0.0
(974,829)0.0
(974,830)0.0
(974,831)0.0
(974,832)0.0
(974,833)0.0
(974,834)0.0
(974,835)0.0
(974,836)0.0
(974,837)0.0
(974,838)0.0
(974,839)0.0
(974,840)0.0
(974,841)0.0
(974,842)0.0
(974,843)0.0
(974,844)0.0
(974,889)0.0
(974,890)0.0
(975,281)0.0
(975,890)0.0
(976,281)0.0
(976,891)0.0
(977,282)0.0
(977,891)0.0
(977,892)0.0
(978,282)0.0
(978,892)0.0
(979,282)0.0
(979,892)0.0
(980,283)0.0
(980,892)0.0
(981,283)0.0
(981,892)0.0
(982,284)0.0
(982,892)0.0
(983,284)0.0
(983,417)0.0
(983,418)0.0
(983,419)0.0
(983,420)0.0
(983,421)0.0
(983,422)0.0
(983,423)0.0
(983,424)0.0
(983,425)0.0
(983,426)0.0
(983,427)0.0
(983,428)0.0
(983,429)0.0
(983,430)0.0
(983,431)0.0
(983,892)0.0
(984,284)0.0
(984,412)0.0
(984,413)0.0
(984,414)0.0
(984,415)0.0
(984,416)0.0
(984,432)0.0
(984,433)0.0
(984,434)0.0
(984,435)0.0
(984,436)0.0
(984,437)0.0
(984,438)0.0
(984,439)0.0
(984,440)0.0
(984,441)0.0
(984,442)0.0
(984,443)0.0
(984,444)0.0
(984,445)0.0
(984,892)0.0
(985,285)0.0
(985,410)0.0
(985,411)0.0
(985,446)0.0
(985,447)0.0
(985,448)0.0
(985,449)0.0
(985,450)0.0
(985,451)0.0
(985,452)0.0
(985,453)0.0
(985,454)0.0
(985,455)0.0
(985,456)0.0
(985,457)0.0
(985,458)0.0
(985,459)0.0
(985,460)0.0
(985,474)0.0
(985,475)0.0
(985,476)0.0
(985,477)0.0
(985,478)0.0
(985,479)0.0
(985,480)0.0
(985,481)0.0
(985,482)0.0
(985,483)0.0
(985,484)0.0
(985,485)0.0
(985,486)0.0
(985,487)0.0
(985,488)0.0
(985,489)0.0
(985,490)0.0
(985,491)0.0
(985,492)0.0
(985,493)0.0
(985,892)0.0
(986,285)0.0
(986,407)0.0
(986,408)0.0
(986,409)0.0
(986,461)0.0
(986,462)0.0
(986,463)0.0
(986,464)0.0
(986,465)0.0
(986,466)0.0
(986,467)0.0
(986,468)0.0
(986,469)0.0
(986,470)0.0
(986,471)0.0
(986,472)0.0
(986,473)0.0
(986,494)0.0
(986,495)0.0
(986,496)0.0
(986,497)0.0
(986,498)0.0
(986,892)0.0
(987,286)0.0
(987,404)0.0
(987,405)0.0
(987,406)0.0
(987,499)0.0
(987,500)0.0
(987,501)0.0
(987,502)0.0
(987,503)0.0
(987,892)0.0
(988,286)0.0
(988,400)0.0
(988,401)0.0
(988,402)0.0
(988,403)0.0
(988,504)0.0
(988,505)0.0
(988,506)0.0
(988,507)0.0
(988,508)0.0
(988,892)0.0
(989,286)0.0
(989,287)0.0
(989,397)0.0
(989,398)0.0
(989,399)0.0
(989,509)0.0
(989,510)0.0
(989,511)0.0
(989,512)0.0
(989,513)0.0
(989,892)0.0
(990,287)0.0
(990,393)0.0
(990,394)0.0
(990,395)0.0
(990,396)0.0
(990,514)0.0
(990,515)0.0
(990,516)0.0
(990,517)0.0
(990,891)0.0
(991,287)0.0
(991,288)0.0
(991,389)0.0
(991,390)0.0
(991,391)0.0
(991,392)0.0
(991,518)0.0
(991,519)0.0
(991,520)0.0
(991,521)0.0
(991,891)0.0
(992,288)0.0
(992,385)0.0
(992,386)0.0
(992,387)0.0
(992,388)0.0
(992,522)0.0
(992,523)0.0
(992,524)0.0
(992,525)0.0
(992,526)0.0
(992,891)0.0
(993,288)0.0
(993,289)0.0
(993,380)0.0
(993,381)0.0
(993,382)0.0
(993,383)0.0
(993,384)0.0
(993,527)0.0
(993,528)0.0
(993,529)0.0
(993,530)0.0
(993,531)0.0
(993,891)0.0
(994,289)0.0
(994,375)0.0
(994,376)0.0
(994,377)0.0
(994,378)0.0
(994,379)0.0
(994,532)0.0
(994,533)0.0
(994,534)0.0
(994,535)0.0
(994,536)0.0
(994,891)0.0
(995,289)0.0
(995,290)0.0
(995,369)0.0
(995,370)0.0
(995,371)0.0
(995,372)0.0
(995,373)0.0
(995,374)0.0
(995,537)0.0
(995,538)0.0
(995,539)0.0
(995,540)0.0
(995,541)0.0
(995,890)0.0
(995,891)0.0
(996,290)0.0
(996,365)0.0
(996,366)0.0
(996,367)0.0
(996,368)0.0
(996,542)0.0
(996,543)0.0
(996,544)0.0
(996,545)0.0
(996,889)0.0
(996,890)0.0
(997,290)0.0
(997,291)0.0
(997,359)0.0
(997,360)0.0
(997,361)0.0
(997,362)0.0
(997,363)0.0
(997,364)0.0
(997,546)0.0
(997,547)0.0
(997,548)0.0
(997,549)0.0
(997,550)0.0
(997,888)0.0
(997,889)0.0
(998,291)0.0
(998,355)0.0
(998,356)0.0
(998,357)0.0
(998,358)0.0
(998,551)0.0
(998,552)0.0
(998,553)0.0
(998,554)0.0
(998,555)0.0
(998,889)0.0
(999,291)0.0
(999,292)0.0
(999,556)0.0
(999,557)0.0
(999,558)0.0
(999,559)0.0
(999,560)0.0
(999,561)0.0
(999,803)0.0
(999,804)0.0
(999,805)0.0
(999,806)0.0
(999,807)0.0
(999,808)0.0
(999,809)0.0
(999,810)0.0
(999,811)0.0
(999,812)0.0
(999,813)0.0
(999,814)0.0
(999,815)0.0
(999,816)0.0
(999,817)0.0
(999,818)0.0
(999,819)0.0
(999,820)0.0
(999,821)0.0
(999,822)0.0
(999,823)0.0
(999,824)0.0
(999,825)0.0
(999,826)0.0
(999,827)0.0
(999,828)0.0
(999,829)0.0
(999,830)0.0
(999,831)0.0
(999,832)0.0
(999,833)0.0
(999,834)0.0
(999,835)0.0
(999,836)0.0
(999,837)0.0
(999,888)0.0
(999,889)0.0
